   0.0000000e+00   0.0000000e+00   0.0000000e+00   0.0000000e+00   1.1200000e+00   1.6800000e+00   0.0000000e+00   1.7600000e+00   2.6400000e+00   0.0000000e+00   3.6800000e+00   5.5200000e+00
   0.0000000e+00   0.0000000e+00   0.0000000e+00   1.1200000e+00   0.0000000e+00   5.6000000e-01   1.7600000e+00   0.0000000e+00   8.8000000e-01   3.6800000e+00   0.0000000e+00   1.8400000e+00
   0.0000000e+00   0.0000000e+00   0.0000000e+00   1.6800000e+00   5.6000000e-01   0.0000000e+00   2.6400000e+00   8.8000000e-01   0.0000000e+00   5.5200000e+00   1.8400000e+00   0.0000000e+00
   0.0000000e+00   1.1200000e+00   1.6800000e+00   0.0000000e+00   0.0000000e+00   0.0000000e+00   0.0000000e+00   0.0000000e+00   0.0000000e+00   0.0000000e+00   0.0000000e+00   0.0000000e+00
   1.1200000e+00   0.0000000e+00   5.6000000e-01   0.0000000e+00   0.0000000e+00   0.0000000e+00   0.0000000e+00   0.0000000e+00   0.0000000e+00   0.0000000e+00   0.0000000e+00   0.0000000e+00
   1.6800000e+00   5.6000000e-01   0.0000000e+00   0.0000000e+00   0.0000000e+00   0.0000000e+00   0.0000000e+00   0.0000000e+00   0.0000000e+00   0.0000000e+00   0.0000000e+00   0.0000000e+00
   0.0000000e+00   1.7600000e+00   2.6400000e+00   0.0000000e+00   0.0000000e+00   0.0000000e+00   0.0000000e+00   0.0000000e+00   0.0000000e+00   0.0000000e+00   0.0000000e+00   0.0000000e+00
   1.7600000e+00   0.0000000e+00   8.8000000e-01   0.0000000e+00   0.0000000e+00   0.0000000e+00   0.0000000e+00   0.0000000e+00   0.0000000e+00   0.0000000e+00   0.0000000e+00   0.0000000e+00
   2.6400000e+00   8.8000000e-01   0.0000000e+00   0.0000000e+00   0.0000000e+00   0.0000000e+00   0.0000000e+00   0.0000000e+00   0.0000000e+00   0.0000000e+00   0.0000000e+00   0.0000000e+00
   0.0000000e+00   3.6800000e+00   5.5200000e+00   0.0000000e+00   0.0000000e+00   0.0000000e+00   0.0000000e+00   0.0000000e+00   0.0000000e+00   0.0000000e+00   0.0000000e+00   0.0000000e+00
   3.6800000e+00   0.0000000e+00   1.8400000e+00   0.0000000e+00   0.0000000e+00   0.0000000e+00   0.0000000e+00   0.0000000e+00   0.0000000e+00   0.0000000e+00   0.0000000e+00   0.0000000e+00
   5.5200000e+00   1.8400000e+00   0.0000000e+00   0.0000000e+00   0.0000000e+00   0.0000000e+00   0.0000000e+00   0.0000000e+00   0.0000000e+00   0.0000000e+00   0.0000000e+00   0.0000000e+00
